income: 0.1,0.1,0.9,0.9
name_email_similarity: 0.0353508258902,0.0353508258902,0.4940202426224,0.7656143705865,0.9786836766391,0.9786836766391
prev_address_months_count: -1.0,-1.0,30.0,180.0,180.0
current_address_months_count: 1.0,1.0,11.0,22.0,52.0,121.0,331.0,331.0
customer_age: 19.0,19.0,62.0,62.0
days_since_request: 0.0007225508908,0.0007225508908,0.016900993078,0.0304196345487,22.1082303797949,22.1082303797949
intended_balcon_amount: -1.868432023271,-1.868432023271,-0.823217584075,-0.522412846716,11.97332512081,64.070388805657,64.070388805657
zip_count_4w: 413.0,413.0,4638.0,4638.0
velocity_6h: 1212.996018443066,1212.996018443066,13281.106462256925,13281.106462256925
velocity_24h: 2738.3995484536,2738.3995484536,3845.5159076226,4314.7666301555,5154.1968470939,6160.2262996425,8128.9107287767,8128.9107287767
velocity_4w: 3831.4676012099,3831.4676012099,4282.5468907734,4340.3446358372,4759.9046884347,5055.334163302,5195.3423989344,5408.9326029063,5502.0944866552,5625.3471204977,6751.5561919368,6751.5561919368
bank_branch_count_8w: 1.0,1.0,4.0,9.0,14.0,1800.0,1800.0
date_of_birth_distinct_emails_4w: 2.0,2.0,11.0,22.0,22.0
credit_risk_score: 32.0,32.0,139.0,139.0
bank_months_count: -0.0,-0.0,2.0,5.0,10.0,14.0,16.0,20.0,24.0,26.0,28.0,30.0,31.0,32.0,32.0
proposed_credit_limit: 200.0,200.0,1531.0,1531.0
session_length_in_minutes: 1.0,1.0,5.0,8.0,10.0,36.0,36.0
device_distinct_emails_8w: 1.0,1.0,2.0,2.0
month: 0.0,0.0,5.0,5.0
