income: 0.1,0.1,0.9,0.9
name_email_similarity: 0.0395925192051,0.0395925192051,0.5234960285778,0.9687121257225,0.9687121257225
prev_address_months_count: -0.0,-0.0,26.0,35.0,167.0,167.0
current_address_months_count: 3.0,3.0,77.0,350.0,350.0
customer_age: 19.0,19.0,72.0,72.0
days_since_request: 0.0006596699136,0.0006596699136,0.014791642626,0.0253620717861,11.5006640059808,11.5006640059808
intended_balcon_amount: -1.750892684848,-1.750892684848,-0.761397626725,-0.504498122291,5.329643573365,80.79513485792,80.79513485792
zip_count_4w: 394.0,394.0,4422.0,4422.0
velocity_6h: 857.42080040299,857.42080040299,12659.656299596292,12659.656299596292
velocity_24h: 2558.9531613604,2558.9531613604,4035.318340009,4965.960585836,7956.5088426431,7956.5088426431
velocity_4w: 3769.3213162544,3769.3213162544,4451.2113140713,4995.4753168526,6710.121763788,6710.121763788
bank_branch_count_8w: 0.0,0.0,2.0,3.0,9.0,13.0,121.0,1098.0,1816.0,1816.0
date_of_birth_distinct_emails_4w: 2.0,2.0,6.0,10.0,21.0,21.0
credit_risk_score: 144.0,144.0,319.0,319.0
bank_months_count: -0.0,-0.0,19.0,24.0,26.0,28.0,31.0,31.0
proposed_credit_limit: 200.0,200.0,971.0,1996.0,1996.0
session_length_in_minutes: 1.0,1.0,37.0,37.0
device_distinct_emails_8w: 1.0,1.0,2.0,2.0
month: 0.0,0.0,5.0,5.0
