income: 0.1,0.1,0.9,0.9
name_email_similarity: 0.0473750751562,0.0473750751562,0.2591153622893,0.4102002103719,0.4561721384982,0.4947860799219,0.5295712376071,0.5651065248056,0.6068043154304,0.6585495905276,0.7043785332159,0.7445351272796,0.7823132265693,0.8232585030391,0.8579352571182,0.8837018454541,0.9166419124856,0.9946940226954,0.9946940226954
prev_address_months_count: -0.0,-0.0,28.0,45.0,148.0,148.0
current_address_months_count: 3.0,3.0,9.0,14.0,23.0,38.0,49.0,55.0,69.0,155.0,352.0,352.0
customer_age: 19.0,19.0,62.0,62.0
days_since_request: 0.0008107651548,0.0008107651548,0.0059534744547,0.0095179945617,0.0131575321159,0.0150881126857,0.0193012688121,0.0216837767448,0.0245295472789,0.0278979422935,0.0323126042717,0.0903957590797,4.318618419061,8.8566819281315,21.9117677335851,21.9117677335851
intended_balcon_amount: -1.891635031992,-1.891635031992,-1.051071353037,-0.974036019046,-0.891735214153,-0.810770098935,-0.610839595734,3.073889012339,14.17043045601,26.141070376787,31.673960291738,38.112694775548,64.995644965426,64.995644965426
zip_count_4w: 512.0,512.0,1115.0,1192.0,1275.0,1373.0,1625.0,2139.0,2721.0,3019.0,3441.0,4961.0,4961.0
velocity_6h: 1421.7610722018,1421.7610722018,4814.3562626826,5244.3297434463,5690.0193719125,6131.00490055,6573.2847348134,7011.808451524,7436.7315271398,7807.374431818,8148.0587804987,8957.5868361092,10411.5600779791,11733.9847662461,13619.6427963792,13619.6427963792
velocity_24h: 3074.4752448549,3074.4752448549,3646.5646397052,3917.23534065,4164.3054762504,4676.2321221437,4821.3361625558,4938.9840361982,5061.0073972342,5199.414417744,5378.0687484285,6027.4417115785,6335.3166102441,6647.0047409302,6930.2641537568,7205.4438666243,7560.9515327034,8375.1644554143,8375.1644554143
velocity_4w: 4086.9137217959,4086.9137217959,4820.3964020311,5006.6412229877,5142.3020900703,5253.8868343013,5370.8989463204,5444.0162146863,5523.3725255078,5551.7024555792,5580.7833348895,5614.4542585172,5656.1918969116,5769.099995437,6765.8247833855,6765.8247833855
bank_branch_count_8w: 1.0,1.0,4.0,10.0,12.0,17.0,30.0,45.0,260.0,690.0,1324.0,1894.0,1894.0
date_of_birth_distinct_emails_4w: 2.0,2.0,5.0,7.0,11.0,15.0,18.0,25.0,25.0
credit_risk_score: -95.0,-95.0,-20.0,-2.0,9.0,14.0,22.0,24.0,26.0,28.0,31.0,31.0
bank_months_count: -0.0,-0.0,11.0,15.0,19.0,21.0,24.0,26.0,28.0,30.0,31.0,31.0
proposed_credit_limit: 211.0,211.0,1521.0,1521.0
session_length_in_minutes: 1.0,1.0,2.0,3.0,3.0,4.0,5.0,6.0,6.0,7.0,8.0,8.0,9.0,11.0,13.0,15.0,21.0,38.0,38.0
device_distinct_emails_8w: 1.0,1.0,2.0,2.0
month: 1.0,1.0,3.0,5.0,5.0
